Matrizes Clássicas (Jogo da Vida)

4 x 4 

Block (Still Life):
1 1 1 1
1 2 2 1
1 2 2 1
1 1 1 1

-------------------------------

5 x 5

Blinker (Period 2 Oscillator)
1 1 1 1 1
1 1 2 1 1
1 1 2 1 1
1 1 2 1 1
1 1 1 1 1

---------

Glider (Moving Pattern):
1 1 1 1 1
1 1 1 2 1
1 2 1 2 1
1 1 2 2 1
1 1 1 1 1

----------

Lightweight Spaceship (Moving Pattern):
1 2 1 1 2
2 1 1 1 1
2 1 1 1 2
2 2 2 2 1
1 1 1 1 1

-----------------------------------------

6 x 6

Toad (Period 2 Oscillator):
1 1 1 1 1 1
1 1 1 1 1 1
1 1 2 2 2 1
1 2 2 2 1 1
1 1 1 1 1 1
1 1 1 1 1 1

------------------------------------------

Matrizes Teste


3x3

3 2 2
3 2 1
3 2 2

-----

2 3 1
3 3 3
3 2 1

----- 

2 2 3
2 2 3
1 2 1


5x5:

3 3 1 1 1
1 2 3 2 3
1 1 1 3 3
1 3 3 2 3
2 3 2 2 3

---------

3 2 2 2 1
2 2 1 2 3
1 3 3 3 2
3 1 2 3 1
2 1 3 1 1

---------

3 2 3 2 1
3 2 2 3 1
2 2 1 2 2
1 3 2 1 3
1 3 1 2 1

----------


10 x 10:

3 3 1 2 1 3 2 2 2 2
1 1 2 1 2 2 2 3 3 1
3 2 1 1 1 1 2 2 3 1
2 2 3 1 2 2 1 2 3 1
1 1 3 1 3 1 3 3 1 2
3 1 1 2 1 3 2 3 3 1
2 2 1 1 1 3 1 2 3 2
3 2 1 1 3 3 1 1 2 3
2 3 2 1 2 3 3 2 1 1
2 3 3 1 1 1 3 1 3 1

------------------

1 2 3 2 2 2 3 2 3 2
1 1 2 3 1 2 2 2 2 1
2 3 1 3 2 3 2 2 3 1
3 3 1 1 2 2 3 1 1 1
3 3 3 2 2 3 3 1 3 1
2 3 3 1 2 3 3 2 1 1
2 3 1 2 2 3 3 3 3 3
3 3 3 1 1 1 2 1 3 2
2 2 1 2 2 3 2 1 1 1
3 2 3 2 1 2 1 2 3 1

-------------------


10 x 20:

1 3 3 2 2 2 2 2 1 2 2 2 2 2 2 3 2 1 3 1
2 2 1 2 1 2 3 2 2 3 1 1 2 3 2 2 3 1 1 2
3 3 2 3 3 2 3 3 3 3 3 2 3 1 1 3 3 1 3 1
3 1 2 1 3 1 3 3 2 2 1 1 3 1 2 1 2 3 3 1
2 3 1 3 3 2 2 2 1 1 3 2 3 2 2 3 2 1 2 2
2 2 3 1 3 3 2 1 2 2 3 3 1 3 2 3 2 2 3 3
2 2 2 3 3 2 1 3 2 2 3 1 3 1 3 2 2 3 2 1
3 1 3 3 1 1 3 1 3 3 2 3 1 1 2 1 3 2 1 2
3 2 3 1 3 3 2 3 1 2 2 1 1 1 2 1 2 2 3 1
2 2 3 3 3 3 3 1 1 3 1 2 1 1 1 1 3 2 2 3

---------------------------------------

3 2 2 2 1 3 3 2 1 1 1 3 2 3 2 3 3 1 2 2
1 2 2 3 1 1 1 2 2 1 3 2 1 3 1 1 3 3 2 3
1 2 3 3 3 2 1 2 1 2 3 3 3 2 1 3 2 3 3 2
2 3 2 1 3 2 2 1 3 1 2 1 2 3 1 2 2 2 3 2
1 2 3 1 1 2 3 1 2 1 2 1 2 2 3 2 3 2 1 2
1 1 3 1 3 1 2 2 3 1 1 3 3 3 1 1 1 1 2 2
1 1 2 1 1 2 2 3 2 3 3 1 2 1 1 2 3 1 1 2
3 1 3 3 1 2 1 1 2 1 2 3 1 3 2 2 3 3 1 2
2 2 2 3 3 2 3 3 3 2 1 2 1 2 2 2 2 1 1 3
1 3 1 1 1 3 1 3 1 2 3 3 2 1 2 2 1 2 2 3

---------------------------------------

20 x 10:

1 3 1 3 1 2 2 2 1 3
1 3 3 1 2 3 2 3 2 2
2 2 3 2 2 3 3 3 2 3
1 3 2 3 1 3 3 1 1 3
1 3 3 1 2 1 3 2 3 1
1 2 1 2 2 1 1 3 2 3
1 3 1 2 2 1 2 1 2 1
3 3 1 3 3 3 3 2 3 1
3 3 1 1 2 3 2 2 1 1
2 2 3 2 1 1 3 1 2 3
3 1 2 2 3 2 3 3 2 3
2 1 1 1 1 3 1 3 3 3
2 1 3 3 3 2 1 2 1 1
3 2 1 2 3 3 1 2 2 1
1 1 1 2 1 3 3 3 3 3
3 3 1 3 2 2 2 2 1 1
1 2 3 1 2 3 2 2 3 1
1 3 1 2 2 1 3 1 2 3
3 1 1 3 2 1 3 2 1 2
3 3 3 2 1 1 3 2 3 2

-------------------

2 1 1 3 2 2 2 3 3 2
2 1 1 2 3 2 2 1 3 1
2 1 3 3 2 1 1 3 1 2
1 1 3 3 1 1 3 1 3 1
2 2 2 3 2 1 1 3 3 3
3 1 1 3 2 1 3 3 2 1
2 3 2 2 2 2 3 3 2 3
1 2 1 1 1 3 2 1 2 3
2 1 2 3 1 1 1 2 1 2
2 2 1 1 1 2 2 2 1 1
3 1 3 3 1 1 2 2 1 1
3 3 1 3 3 2 1 2 3 2
2 1 2 2 3 3 1 3 2 2
2 3 3 1 1 3 2 1 3 1
1 3 3 2 3 1 3 3 2 1
3 2 3 1 1 3 3 3 2 1
1 3 2 3 3 1 2 2 1 2
1 2 3 2 3 3 3 1 3 2
1 2 1 1 1 2 1 1 1 3
3 3 2 3 1 3 2 1 2 3


20 x 20:

3 1 1 3 2 1 1 1 1 3 2 1 3 2 3 1 2 1 1 1
2 2 3 3 3 1 1 2 1 3 3 2 1 2 2 3 1 1 1 2
2 1 2 1 1 2 3 1 2 2 1 2 1 2 2 2 2 2 3 1
3 1 3 1 1 1 2 1 3 3 1 1 1 2 1 1 3 3 2 1
3 3 1 3 1 3 1 1 1 3 1 1 2 3 1 2 1 2 2 3
2 2 1 3 1 2 1 2 3 2 1 3 2 3 2 1 3 2 3 2
2 2 1 1 3 2 3 1 2 3 1 1 3 2 1 1 2 3 2 3
2 3 1 3 2 1 1 1 2 1 1 2 1 3 1 1 2 2 2 3
3 1 2 3 2 3 3 3 3 3 3 1 2 2 2 2 1 2 1 1
2 2 1 1 1 2 3 2 1 3 2 2 1 3 1 2 1 3 3 2
3 2 1 2 2 3 2 2 3 1 1 3 3 1 3 2 1 2 1 3
3 3 1 3 2 3 1 3 1 2 1 1 2 2 1 3 2 2 2 3
3 2 2 1 2 1 3 2 2 1 3 2 1 1 2 3 3 3 2 2
2 2 3 3 1 2 1 1 2 2 3 2 2 2 1 2 1 3 3 1
2 3 3 1 2 1 3 1 1 3 2 2 2 2 1 2 3 1 3 1
3 1 3 3 1 1 2 1 3 1 3 1 1 3 3 1 1 1 3 1
1 1 3 1 3 3 1 2 1 2 2 3 2 1 1 2 3 3 1 3
1 3 3 3 2 3 1 3 1 3 3 2 3 1 1 2 3 2 1 1
3 2 3 2 1 2 1 1 2 1 3 1 2 2 2 3 2 2 1 1
1 3 2 2 3 2 1 2 2 3 1 2 1 3 3 1 1 3 2 1

---------------------------------------

2 3 2 1 3 1 2 1 2 1 2 1 2 2 2 3 1 2 2 1
2 3 2 3 1 2 3 2 2 2 1 3 2 2 2 3 3 2 3 2
1 2 3 2 2 3 3 2 1 3 1 1 2 1 2 1 1 2 2 2
2 2 1 1 2 1 3 1 3 1 1 1 2 2 1 2 3 1 1 2
2 2 3 3 3 3 3 1 1 3 3 1 1 3 1 2 3 1 2 2
3 2 3 2 2 1 1 2 3 3 3 3 1 2 3 2 3 3 1 2
1 1 2 3 3 2 3 3 3 1 2 2 1 2 2 1 3 2 3 2
2 2 1 2 2 2 3 2 2 3 1 3 3 3 3 1 3 1 3 2
2 3 1 2 3 3 1 1 3 2 2 1 1 1 1 3 2 3 2 1
2 3 3 2 2 1 1 1 3 3 3 3 2 1 1 3 3 1 1 3
2 2 2 3 3 1 3 2 3 3 3 3 1 3 1 3 1 1 2 1
2 2 3 3 2 2 3 1 2 3 2 3 1 3 2 3 2 1 1 2
2 1 3 3 3 2 3 3 1 2 1 1 3 1 1 1 2 3 2 1
1 1 1 3 1 3 2 1 3 3 2 2 1 3 2 1 1 3 2 3
1 3 2 2 1 2 1 3 3 2 2 1 1 2 1 2 1 2 3 3
2 1 1 1 1 3 1 1 1 2 3 1 1 1 2 1 2 3 1 3
2 1 1 3 2 3 1 1 1 1 2 2 1 2 3 2 3 2 1 2
1 1 1 1 2 2 3 2 2 3 3 3 3 1 2 1 1 2 2 3
1 3 3 2 2 2 3 1 1 2 3 1 3 3 3 1 3 3 1 2
3 1 2 1 1 3 1 2 1 1 1 3 1 1 2 2 2 3 2 1


---------------------------------------

30 x 30

1 3 1 2 3 3 3 2 3 3 1 2 3 3 3 1 1 1 3 2 2 3 2 3 1 3 1 3 3 1
2 1 3 2 1 3 3 1 3 1 1 1 1 2 3 3 2 1 1 2 3 3 1 2 2 1 2 2 1 3
2 1 2 2 1 1 1 2 2 1 2 1 2 2 1 1 1 1 2 2 1 3 2 2 3 2 3 3 3 1
1 3 2 2 3 1 3 2 2 3 1 3 3 1 1 3 1 2 3 1 1 2 2 2 3 1 2 1 1 3
3 3 1 2 1 3 2 2 2 1 1 2 3 2 1 2 3 3 2 3 3 2 1 2 1 3 3 1 3 3
2 3 3 2 1 1 3 2 2 3 3 1 2 3 2 1 1 2 2 3 3 2 2 2 1 1 3 2 1 2
2 1 1 1 1 3 2 3 2 1 3 1 1 3 1 2 3 3 3 1 2 3 2 3 1 2 1 3 3 1
1 3 3 2 2 3 2 1 1 3 1 3 3 3 3 2 2 3 3 2 1 3 2 1 2 3 1 1 3 1
3 1 3 1 1 2 1 2 1 3 1 2 3 3 1 3 2 2 1 1 3 3 1 2 2 3 3 3 2 1
2 2 2 1 3 1 1 2 3 3 3 2 2 2 3 1 3 2 2 2 2 1 3 2 1 3 1 2 1 1
3 2 1 1 3 2 1 2 2 1 3 2 2 2 1 1 1 3 1 3 1 2 2 1 1 2 1 2 2 2
2 2 3 3 3 1 1 1 3 3 1 1 2 2 3 1 1 3 1 2 3 3 3 3 1 3 1 3 2 3
3 1 3 2 2 2 1 1 3 1 1 3 2 3 1 3 2 3 2 3 3 2 3 3 1 1 2 3 1 1
3 1 1 1 1 2 2 2 3 3 2 1 2 1 3 3 3 3 3 3 2 3 3 1 1 1 1 2 3 3
3 3 3 2 2 1 3 2 3 2 1 3 2 3 2 2 1 3 1 2 3 3 1 1 3 3 2 2 1 1
3 1 2 1 2 3 2 2 2 2 1 1 1 3 2 3 1 2 3 3 2 1 3 1 2 1 3 2 1 1
1 1 2 3 3 3 2 1 3 3 3 3 1 1 2 2 1 2 2 2 2 2 3 3 1 2 2 2 2 3
2 3 2 2 2 1 2 3 3 3 3 3 2 3 3 2 1 2 2 1 3 3 3 1 1 1 2 1 3 1
3 1 2 2 1 2 1 3 1 2 2 2 1 2 1 3 1 2 3 2 2 2 2 1 3 1 1 3 1 3
2 1 2 3 1 2 3 1 2 2 2 3 1 2 2 3 3 1 1 1 1 1 3 3 3 3 3 3 3 1
1 1 1 2 1 3 1 3 3 2 2 1 3 1 1 2 1 1 2 2 3 3 1 3 1 3 2 3 2 1
3 3 1 2 1 1 1 2 2 1 2 2 1 3 1 2 2 1 2 1 2 3 2 3 2 3 1 3 1 3
2 1 3 2 1 3 2 1 3 1 1 2 3 2 2 2 3 1 3 1 2 2 3 2 1 2 3 3 1 3
2 1 2 1 1 1 2 2 1 3 1 2 1 2 3 1 2 1 1 3 1 2 3 2 2 2 2 3 1 3
1 1 3 1 3 1 2 3 2 1 2 2 2 3 1 1 1 3 2 2 3 1 3 3 2 1 1 2 3 2
1 1 3 1 1 1 1 2 2 1 2 3 1 3 3 2 1 3 1 3 1 3 2 1 1 1 1 3 1 1
1 2 2 3 2 3 2 3 1 1 2 1 2 3 1 3 3 1 2 3 1 2 2 3 2 1 3 3 3 1
3 3 3 2 1 3 1 3 3 3 3 1 1 3 1 3 3 3 3 2 1 3 2 1 1 2 2 3 2 2
2 3 1 3 1 2 2 3 3 2 1 1 2 2 1 3 2 1 3 2 2 1 2 2 3 2 3 1 1 2
2 3 3 2 1 3 3 3 2 2 3 2 3 1 1 1 1 1 2 2 3 3 2 2 2 3 1 3 2 1

-----------------------------------------------------------

1 2 1 1 1 3 3 1 3 1 3 3 3 3 2 2 3 1 2 2 2 3 2 3 1 2 2 3 3 2
2 2 1 1 3 3 1 1 1 3 1 2 3 2 1 3 2 2 1 2 1 3 3 1 1 2 2 3 1 1
2 3 2 3 3 2 1 3 3 3 3 2 2 1 3 1 3 3 1 3 1 2 2 2 3 1 3 2 3 3
1 3 3 3 2 3 3 3 3 1 3 3 3 3 2 3 1 1 1 1 2 1 2 2 1 3 3 1 2 3
3 1 1 2 1 2 1 1 2 3 1 2 2 2 1 1 3 3 2 3 2 3 1 2 2 2 3 2 3 2
3 2 1 2 2 3 2 1 3 2 1 2 3 2 1 2 3 1 2 3 3 2 3 1 1 2 1 2 1 3
1 3 2 3 3 3 1 3 3 1 3 1 3 1 1 3 1 1 3 2 1 3 1 3 2 3 1 3 1 2
1 1 2 3 2 2 3 1 3 1 1 3 1 1 2 1 3 2 3 1 3 1 1 3 2 3 2 1 3 3
3 1 3 2 2 2 3 3 2 1 2 2 3 1 1 1 1 1 2 1 2 2 3 2 2 3 2 2 2 1
1 2 1 1 2 3 2 2 3 3 3 2 1 1 3 3 2 2 3 2 3 1 3 2 2 1 3 3 3 3
1 1 2 2 3 3 1 2 3 3 3 3 1 3 2 3 3 2 1 2 3 2 2 2 1 1 1 1 3 2
1 1 1 3 1 1 2 3 3 1 1 3 2 1 1 2 3 2 3 3 3 2 2 2 3 2 2 1 2 3
2 1 1 1 2 2 3 2 3 3 3 3 1 3 3 1 1 2 3 3 2 3 3 1 1 2 3 1 2 1
2 3 3 3 1 2 1 3 2 2 3 3 2 2 1 1 2 1 2 1 3 2 3 3 1 1 3 3 3 3
3 1 1 3 1 1 2 1 1 1 2 3 2 2 1 1 3 3 3 2 3 2 3 2 3 3 1 2 2 2
1 3 2 2 1 1 2 3 3 2 1 3 3 3 3 1 1 2 2 3 3 2 1 3 2 3 3 3 3 3
2 2 1 1 2 3 3 2 2 1 2 1 2 1 2 3 1 1 3 1 1 3 2 2 1 1 1 1 3 2
2 2 2 2 1 2 3 3 2 3 1 2 3 2 3 2 1 3 2 3 1 1 2 2 1 1 1 3 1 2
3 3 2 2 2 2 2 2 2 3 2 2 1 1 1 3 3 3 1 2 2 3 2 1 2 2 3 2 1 3
2 2 2 3 1 3 2 3 3 1 2 3 1 2 2 3 2 3 2 2 2 1 3 3 2 1 3 2 2 3
1 2 3 1 2 1 1 1 2 2 2 3 3 1 3 1 1 1 3 1 2 1 2 1 1 1 1 3 2 3
2 3 1 1 1 1 1 3 2 1 1 1 1 2 3 1 2 2 1 2 3 2 3 3 3 2 3 3 1 2
2 2 2 1 2 1 2 1 2 1 2 1 3 2 1 1 2 3 2 3 1 1 3 1 1 1 2 2 2 2
3 1 1 3 2 3 3 3 2 2 2 2 1 2 2 1 3 2 1 2 2 1 3 1 1 1 3 1 2 2
3 3 3 1 2 3 1 3 3 3 2 2 1 2 3 2 1 3 3 3 2 1 2 3 2 2 2 3 1 2
2 1 1 1 3 2 3 1 3 2 3 2 1 3 2 3 1 3 3 3 1 1 3 1 3 3 1 3 2 1
1 2 3 2 2 1 3 1 2 1 2 1 3 2 3 2 1 1 2 2 3 1 3 1 1 3 1 3 1 2
3 2 2 1 3 1 2 1 2 2 3 2 2 1 2 3 3 1 3 1 3 2 1 2 2 2 3 3 3 1
1 3 2 1 2 3 2 2 3 1 2 3 1 3 1 1 1 1 1 1 2 1 1 3 1 1 3 3 3 3
1 3 2 2 3 2 2 3 1 3 1 2 2 1 3 1 1 3 2 3 3 3 1 3 2 3 1 2 1 2